1 
0.980785 
0.92388 
0.83147 
0.707107 
0.55557 
0.382683 
0.19509 
-2.40111e-14 
-0.19509 
-0.382683 
-0.55557 
-0.707107 
-0.83147 
-0.92388 
-0.980785 
-1 
-0.980785 
-0.92388 
-0.83147 
-0.707107 
-0.55557 
-0.382683 
-0.19509 
2.03359e-14 
0.19509 
0.382683 
0.55557 
0.707107 
0.83147 
0.92388 
0.980785 
1 
0.980785 
0.92388 
0.83147 
0.707107 
0.55557 
0.382683 
0.19509 
-1.66608e-14 
-0.19509 
-0.382683 
-0.55557 
-0.707107 
-0.83147 
-0.92388 
-0.980785 
-1 
-0.980785 
-0.92388 
-0.83147 
-0.707107 
-0.55557 
-0.382683 
-0.19509 
1.47619e-14 
0.19509 
0.382683 
0.55557 
0.707107 
0.83147 
0.92388 
0.980785 
1 
0.980785 
0.92388 
0.83147 
0.707107 
0.55557 
0.382683 
0.19509 
-1.10868e-14 
-0.19509 
-0.382683 
-0.55557 
-0.707107 
-0.83147 
-0.92388 
-0.980785 
-1 
-0.980785 
-0.92388 
-0.83147 
-0.707107 
-0.55557 
-0.382683 
-0.19509 
8.29977e-15 
0.19509 
0.382683 
0.55557 
0.707107 
0.83147 
0.92388 
0.980785 
1 
0.980785 
0.92388 
0.83147 
0.707107 
0.55557 
0.382683 
0.19509 
-4.62459e-15 
-0.19509 
-0.382683 
-0.55557 
-0.707107 
-0.83147 
-0.92388 
-0.980785 
-1 
-0.980785 
-0.92388 
-0.83147 
-0.707107 
-0.55557 
-0.382683 
-0.19509 
1.61554e-15 
0.19509 
0.382683 
0.55557 
0.707107 
0.83147 
0.92388 
0.980785 
1 
0.980785 
0.92388 
0.83147 
0.707107 
0.55557 
0.382683 
0.19509 
1.61554e-15 
-0.19509 
-0.382683 
-0.55557 
-0.707107 
-0.83147 
-0.92388 
-0.980785 
-1 
-0.980785 
-0.92388 
-0.83147 
-0.707107 
-0.55557 
-0.382683 
-0.19509 
-4.62459e-15 
0.19509 
0.382683 
0.55557 
0.707107 
0.83147 
0.92388 
0.980785 
1 
0.980785 
0.92388 
0.83147 
0.707107 
0.55557 
0.382683 
0.19509 
8.29977e-15 
-0.19509 
-0.382683 
-0.55557 
-0.707107 
-0.83147 
-0.92388 
-0.980785 
-1 
-0.980785 
-0.92388 
-0.83147 
-0.707107 
-0.55557 
-0.382683 
-0.19509 
-1.10868e-14 
0.19509 
0.382683 
0.55557 
0.707107 
0.83147 
0.92388 
0.980785 
1 
0.980785 
0.92388 
0.83147 
0.707107 
0.55557 
0.382683 
0.19509 
1.47619e-14 
-0.19509 
-0.382683 
-0.55557 
-0.707107 
-0.83147 
-0.92388 
-0.980785 
-1 
-0.980785 
-0.92388 
-0.83147 
-0.707107 
-0.55557 
-0.382683 
-0.19509 
-1.66608e-14 
0.19509 
0.382683 
0.55557 
0.707107 
0.83147 
0.92388 
0.980785 
1 
0.980785 
0.92388 
0.83147 
0.707107 
0.55557 
0.382683 
0.19509 
2.03359e-14 
-0.19509 
-0.382683 
-0.55557 
-0.707107 
-0.83147 
-0.92388 
-0.980785 
-1 
-0.980785 
-0.92388 
-0.83147 
-0.707107 
-0.55557 
-0.382683 
-0.19509 
-2.40111e-14 
0.19509 
0.382683 
0.55557 
0.707107 
0.83147 
0.92388 
0.980785 
