-1.43525e-14 
2.37239e-14 
-3.23235e-14 
2.69901e-14 
-2.47863e-14 
2.67358e-14 
-2.38823e-14 
2.42495e-14 
-2.7576e-14 
2.63505e-14 
-2.67749e-14 
2.75892e-14 
-2.326e-14 
2.31745e-14 
-2.56669e-14 
2.26143e-14 
-2.59643e-14 
3.39219e-14 
-2.93183e-14 
2.34955e-14 
-2.65197e-14 
2.44311e-14 
-2.13466e-14 
2.5585e-14 
-2.62495e-14 
2.5389e-14 
-2.88176e-14 
2.58841e-14 
-2.36953e-14 
2.74702e-14 
-2.43726e-14 
2.47593e-14 
-3.25469e-14 
2.35613e-14 
-1.32553e-14 
2.63096e-14 
-3.27072e-14 
2.27852e-14 
-2.46595e-14 
2.8969e-14 
-2.44896e-14 
2.69323e-14 
-2.79598e-14 
2.2512e-14 
-2.66069e-14 
2.80287e-14 
-2.22175e-14 
2.82762e-14 
-2.75407e-14 
1.3835e-14 
-2.67805e-14 
4.73779e-14 
-2.94224e-14 
1.04026e-14 
-2.3503e-14 
3.08371e-14 
-2.36469e-14 
2.57919e-14 
-2.6243e-14 
2.20847e-14 
-2.58782e-14 
2.67727e-14 
-2.41573e-14 
2.82136e-14 
-2.4877e-14 
1.98002e-14 
-3.1808e-14 
3.18914e-14 
-1.0845e-14 
1.4729e-14 
-3.53563e-14 
2.99866e-14 
-2.19416e-14 
2.99543e-14 
-2.78502e-14 
2.29924e-14 
-2.83383e-14 
2.55305e-14 
-2.30823e-14 
2.86609e-14 
-2.4702e-14 
2.49218e-14 
-3.01234e-14 
1.70258e-14 
-2.14366e-14 
5.01347e-14 
-3.57859e-14 
4.11185e-15 
-1.94655e-14 
3.26152e-14 
-1.85445e-14 
2.45403e-14 
-2.87228e-14 
1.68243e-14 
-2.47667e-14 
2.78873e-14 
-1.75851e-14 
2.85079e-14 
-2.71401e-14 
1.33268e-14 
-3.46613e-14 
2.98426e-14 
1.62208e-14 
5.3905e-15 
-5.80157e-14 
3.96246e-14 
-1.89481e-14 
3.52583e-14 
-2.6826e-14 
1.84924e-14 
-3.18186e-14 
2.40117e-14 
-1.98589e-14 
3.22899e-14 
-2.11563e-14 
1.72805e-14 
-3.14853e-14 
9.80458e-15 
7.17474e-15 
3.17006e-14 
6.32307e-12 
4.27045e-14 
-3.37115e-14 
3.65234e-14 
-3.2599e-14 
3.08207e-14 
-3.23403e-14 
3.20782e-14 
-3.17611e-14 
3.20782e-14 
-3.23403e-14 
3.08207e-14 
-3.2599e-14 
3.65234e-14 
-3.37115e-14 
4.27045e-14 
6.79359e-12 
3.17006e-14 
7.17474e-15 
9.80458e-15 
-3.14853e-14 
1.72805e-14 
-2.11563e-14 
3.22899e-14 
-1.98589e-14 
2.40117e-14 
-3.18186e-14 
1.84924e-14 
-2.6826e-14 
3.52583e-14 
-1.89481e-14 
3.96246e-14 
-5.76689e-14 
5.3905e-15 
1.62208e-14 
2.98426e-14 
-3.46613e-14 
1.33268e-14 
-2.71401e-14 
2.85079e-14 
-1.75851e-14 
2.78873e-14 
-2.47667e-14 
1.68243e-14 
-2.87228e-14 
2.45403e-14 
-1.85445e-14 
3.26152e-14 
-1.95046e-14 
4.11185e-15 
-3.57859e-14 
5.01347e-14 
-2.14366e-14 
1.70258e-14 
-3.01234e-14 
2.49218e-14 
-2.4702e-14 
2.86609e-14 
-2.30823e-14 
2.55305e-14 
-2.83383e-14 
2.29924e-14 
-2.78502e-14 
2.99543e-14 
-2.20926e-14 
2.99866e-14 
-3.53563e-14 
1.4729e-14 
-1.0845e-14 
3.18914e-14 
-3.1808e-14 
1.98002e-14 
-2.4877e-14 
2.82136e-14 
-2.41573e-14 
2.67727e-14 
-2.58782e-14 
2.20847e-14 
-2.6243e-14 
2.57919e-14 
-2.3718e-14 
3.08371e-14 
-2.3503e-14 
1.04026e-14 
-2.94224e-14 
4.73779e-14 
-2.67805e-14 
1.3835e-14 
-2.75407e-14 
2.82762e-14 
-2.22175e-14 
2.80287e-14 
-2.66069e-14 
2.2512e-14 
-2.79598e-14 
2.69323e-14 
-2.45725e-14 
2.8969e-14 
-2.46595e-14 
2.27852e-14 
-3.27072e-14 
2.63096e-14 
-1.32553e-14 
2.35613e-14 
-3.25469e-14 
2.47593e-14 
-2.43726e-14 
2.74702e-14 
-2.36953e-14 
2.58841e-14 
-2.88176e-14 
2.5389e-14 
-2.59466e-14 
2.5585e-14 
-2.13466e-14 
2.44311e-14 
-2.65197e-14 
2.34955e-14 
-2.93183e-14 
3.39219e-14 
-2.59643e-14 
2.26143e-14 
-2.56669e-14 
2.31745e-14 
-2.326e-14 
2.75892e-14 
-2.67749e-14 
2.63505e-14 
-2.73972e-14 
2.42495e-14 
-2.38823e-14 
2.67358e-14 
-2.47863e-14 
2.69901e-14 
-3.23235e-14 
2.37239e-14 
