-8.66144e-16 
-5.85934e-15 
2.9297e-15 
5.93666e-15 
2.98564e-15 
-4.95202e-16 
-5.12754e-15 
5.18119e-16 
-4.44089e-15 
5.9141e-15 
9.26407e-16 
2.81957e-15 
-4.44659e-15 
-1.14023e-15 
-9.41676e-15 
1.11312e-14 
1.85487e-14 
1.92698e-14 
-8.23196e-15 
1.51529e-14 
3.27289e-15 
5.43071e-15 
-1.0717e-14 
5.08823e-15 
-1.02141e-14 
1.13017e-14 
-4.97622e-15 
9.10038e-15 
-9.59537e-15 
6.29031e-15 
-1.32717e-14 
1.14125e-14 
-3.6874e-15 
2.46177e-14 
-1.22015e-14 
-4.28846e-16 
-7.96938e-15 
1.42544e-14 
-1.45454e-14 
1.31966e-14 
-1.51867e-14 
1.3928e-14 
-1.31497e-14 
1.52104e-14 
-1.6472e-14 
1.56559e-14 
-1.57139e-14 
1.73944e-14 
-1.60103e-14 
1.54681e-14 
-2.59492e-14 
-1.2311e-15 
-3.95189e-14 
1.15287e-14 
-2.43538e-14 
2.54788e-14 
-1.7486e-14 
2.13127e-14 
-2.33462e-14 
1.97804e-14 
-2.53676e-14 
2.70797e-14 
-2.19629e-14 
2.59836e-14 
-2.59402e-14 
2.14644e-14 
-3.70785e-14 
3.34062e-14 
-3.51037e-14 
9.56601e-15 
-2.78709e-14 
3.99093e-14 
-2.62845e-14 
3.32336e-14 
-3.81717e-14 
2.87648e-14 
-3.60861e-14 
3.99785e-14 
-3.09723e-14 
4.15813e-14 
-4.4899e-14 
3.04561e-14 
-4.6015e-14 
5.06103e-14 
-1.55332e-14 
6.69246e-14 
-4.03394e-14 
8.05977e-14 
-3.61378e-14 
5.32126e-14 
-6.03899e-14 
4.48203e-14 
-5.92768e-14 
6.27938e-14 
-5.38216e-14 
6.95079e-14 
-6.76399e-14 
5.97126e-14 
-8.13885e-14 
7.28189e-14 
-5.98412e-14 
1.20581e-13 
-6.42265e-14 
5.72664e-14 
-6.98407e-14 
1.10879e-13 
-1.06542e-13 
1.03425e-13 
-1.25161e-13 
1.28442e-13 
-1.36792e-13 
1.58394e-13 
-1.67275e-13 
1.86871e-13 
-2.18226e-13 
2.45052e-13 
-3.0234e-13 
3.93563e-13 
-5.34863e-13 
9.99678e-13 
8 
-9.0728e-13 
4.18832e-13 
-2.43952e-13 
1.53275e-13 
-9.75078e-14 
5.24045e-14 
-1.61046e-14 
-1.66313e-14 
4.92684e-14 
-8.73711e-14 
1.35581e-13 
-1.96905e-13 
2.98209e-13 
-4.93792e-13 
1.04802e-12 
8 
-1.12334e-12 
5.93371e-13 
-4.30169e-13 
3.28725e-13 
-2.65197e-13 
2.34603e-13 
-2.00243e-13 
1.78052e-13 
-1.67716e-13 
1.45021e-13 
-1.35993e-13 
1.31754e-13 
-1.0884e-13 
1.1081e-13 
-1.15271e-13 
7.72715e-14 
-6.41312e-14 
7.16554e-14 
-1.27258e-13 
6.42274e-14 
-7.52428e-14 
8.30496e-14 
-6.16298e-14 
7.07814e-14 
-7.2364e-14 
5.58569e-14 
-6.40732e-14 
6.05669e-14 
-4.66688e-14 
6.27574e-14 
-5.54639e-14 
3.70581e-14 
-7.96814e-14 
3.87862e-14 
-6.6066e-14 
1.62759e-14 
-5.25021e-14 
4.78563e-14 
-3.15595e-14 
4.53488e-14 
-4.20332e-14 
3.22734e-14 
-4.15202e-14 
3.71105e-14 
-2.93697e-14 
3.83864e-14 
-3.39306e-14 
2.83662e-14 
-4.09869e-14 
2.63522e-14 
-8.26366e-15 
3.52388e-14 
-3.19791e-14 
3.54995e-14 
-2.25848e-14 
2.79827e-14 
-2.66372e-14 
2.17762e-14 
-2.7321e-14 
2.58761e-14 
-2.09929e-14 
2.45421e-14 
-2.15374e-14 
1.65146e-14 
-2.56449e-14 
2.61901e-14 
-1.34753e-14 
4.02683e-14 
1.66673e-16 
2.72182e-14 
-1.53432e-14 
1.55932e-14 
-1.81464e-14 
1.65563e-14 
-1.59766e-14 
1.68816e-14 
-1.5411e-14 
1.34599e-14 
-1.49551e-14 
1.54876e-14 
-1.34233e-14 
1.47401e-14 
-1.4561e-14 
8.77825e-15 
-1.76131e-15 
1.44649e-14 
-2.63182e-14 
4.63081e-15 
-1.15768e-14 
1.31191e-14 
-6.76661e-15 
1.00356e-14 
-9.48069e-15 
5.61562e-15 
-1.14243e-14 
1.06658e-14 
-5.78e-15 
1.12363e-14 
-5.48121e-15 
-2.74827e-15 
-1.45569e-14 
7.57473e-15 
-1.99801e-14 
-1.79879e-14 
-1.19525e-14 
9.96231e-15 
9.44773e-16 
4.88769e-15 
-3.0457e-15 
-5.9716e-16 
-6.14218e-15 
3.9968e-15 
-5.49275e-16 
5.3463e-15 
-4.4773e-16 
-3.79389e-15 
-6.71172e-15 
-1.75293e-15 
7.51739e-15 
