0 
1.71506e-08 
-6.86231e-08 
1.5448e-07 
-2.74824e-07 
4.29801e-07 
-6.19598e-07 
8.44447e-07 
-1.10462e-06 
1.40044e-06 
-1.73225e-06 
2.10049e-06 
-2.50559e-06 
2.94806e-06 
-3.42845e-06 
3.94737e-06 
-4.50547e-06 
5.10346e-06 
-5.74211e-06 
6.42225e-06 
-7.14475e-06 
7.91057e-06 
-8.72072e-06 
9.57628e-06 
-1.04784e-05 
1.14283e-05 
-1.24274e-05 
1.34769e-05 
-1.45785e-05 
1.57336e-05 
-1.69439e-05 
1.82112e-05 
-1.95374e-05 
2.09245e-05 
-2.23745e-05 
2.38898e-05 
-2.54728e-05 
2.71258e-05 
-2.88517e-05 
3.06533e-05 
-3.25336e-05 
3.44958e-05 
-3.65434e-05 
3.86798e-05 
-4.09091e-05 
4.32352e-05 
-4.56626e-05 
4.81959e-05 
-5.084e-05 
5.36002e-05 
-5.64821e-05 
5.94918e-05 
-6.26355e-05 
6.59201e-05 
-6.9353e-05 
7.2942e-05 
-7.66954e-05 
8.06223e-05 
-8.47322e-05 
8.90356e-05 
-9.35435e-05 
9.82679e-05 
-0.000103222 
0.000108419 
-0.000113874 
0.000119604 
-0.000125626 
0.00013196 
-0.000138624 
0.000145643 
-0.00015304 
0.000160842 
-0.000169077 
0.000177778 
-0.000186978 
0.000196715 
-0.000207031 
0.000217972 
-0.000229586 
0.000241931 
-0.000255067 
0.000269061 
-0.000283988 
0.000299933 
-0.000316989 
0.000335259 
-0.000354861 
0.000375926 
-0.0003986 
0.000423053 
-0.000449472 
0.000478072 
-0.0005091 
0.000542837 
-0.000579604 
0.000619776 
-0.000663783 
0.000712128 
-0.0007654 
0.000824289 
-0.000889611 
0.000962337 
-0.00104363 
0.00113488 
-0.00123779 
0.00135443 
-0.00148735 
0.00163972 
-0.00181554 
0.00201987 
-0.00225923 
0.0025421 
-0.0028797 
0.00328712 
-0.00378503 
0.00440236 
-0.0051806 
0.00618099 
-0.00749691 
0.00927659 
-0.0117668 
0.0154035 
-0.0210173 
0.0303561 
-0.0476417 
0.0854111 
-0.196703 
0.921794 
14.4379 
0.921794 
-0.196703 
0.0854111 
-0.0476417 
0.0303561 
-0.0210173 
0.0154035 
-0.0117668 
0.00927659 
-0.00749691 
0.00618099 
-0.0051806 
0.00440236 
-0.00378503 
0.00328712 
-0.0028797 
0.0025421 
-0.00225923 
0.00201987 
-0.00181554 
0.00163972 
-0.00148735 
0.00135443 
-0.00123779 
0.00113488 
-0.00104363 
0.000962337 
-0.000889611 
0.000824289 
-0.0007654 
0.000712128 
-0.000663783 
0.000619776 
-0.000579604 
0.000542837 
-0.0005091 
0.000478072 
-0.000449472 
0.000423053 
-0.0003986 
0.000375926 
-0.000354861 
0.000335259 
-0.000316989 
0.000299933 
-0.000283988 
0.000269061 
-0.000255067 
0.000241931 
-0.000229586 
0.000217972 
-0.000207031 
0.000196715 
-0.000186978 
0.000177778 
-0.000169077 
0.000160842 
-0.00015304 
0.000145643 
-0.000138624 
0.00013196 
-0.000125626 
0.000119604 
-0.000113874 
0.000108419 
-0.000103222 
9.82679e-05 
-9.35435e-05 
8.90356e-05 
-8.47322e-05 
8.06223e-05 
-7.66954e-05 
7.2942e-05 
-6.9353e-05 
6.59201e-05 
-6.26355e-05 
5.94918e-05 
-5.64821e-05 
5.36002e-05 
-5.084e-05 
4.81959e-05 
-4.56626e-05 
4.32352e-05 
-4.09091e-05 
3.86798e-05 
-3.65434e-05 
3.44958e-05 
-3.25336e-05 
3.06533e-05 
-2.88517e-05 
2.71258e-05 
-2.54728e-05 
2.38898e-05 
-2.23745e-05 
2.09245e-05 
-1.95374e-05 
1.82112e-05 
-1.69439e-05 
1.57336e-05 
-1.45785e-05 
1.34769e-05 
-1.24274e-05 
1.14283e-05 
-1.04784e-05 
9.57628e-06 
-8.72072e-06 
7.91057e-06 
-7.14475e-06 
6.42225e-06 
-5.74211e-06 
5.10346e-06 
-4.50547e-06 
3.94737e-06 
-3.42845e-06 
2.94806e-06 
-2.50559e-06 
2.10049e-06 
-1.73225e-06 
1.40044e-06 
-1.10462e-06 
8.44447e-07 
-6.19598e-07 
4.29801e-07 
-2.74824e-07 
1.5448e-07 
-6.86231e-08 
1.71506e-08 
