-12.5664 -1.02849e-15
-12.4721 -0.00767824
-12.3779 -0.0153469
-12.2836 -0.0229536
-12.1894 -0.0304431
-12.0951 -0.0377579
-12.0009 -0.0448389
-11.9066 -0.0516263
-11.8124 -0.0580601
-11.7181 -0.0640814
-11.6239 -0.0696324
-11.5296 -0.0746576
-11.4354 -0.0791047
-11.3411 -0.0829246
-11.2469 -0.0860726
-11.1527 -0.088509
-11.0584 -0.0901991
-10.9642 -0.0911142
-10.8699 -0.0912317
-10.7757 -0.0905358
-10.6814 -0.0890174
-10.5872 -0.0866744
-10.4929 -0.0835122
-10.3987 -0.0795433
-10.3044 -0.0747876
-10.2102 -0.0692724
-10.1159 -0.063032
-10.0217 -0.0561078
-9.92743 -0.0485478
-9.83319 -0.0404067
-9.73894 -0.0317449
-9.64469 -0.0226287
-9.55044 -0.0131294
-9.45619 -0.00332322
-9.36195 0.00670988
-9.2677 0.0168863
-9.17345 0.0271196
-9.0792 0.0373213
-8.98495 0.0474013
-8.89071 0.0572688
-8.79646 0.0668331
-8.70221 0.0760042
-8.60796 0.0846935
-8.51372 0.0928147
-8.41947 0.100284
-8.32522 0.107023
-8.23097 0.112955
-8.13672 0.118011
-8.04248 0.122127
-7.94823 0.125244
-7.85398 0.127311
-7.75973 0.128286
-7.66549 0.128133
-7.57124 0.126826
-7.47699 0.124346
-7.38274 0.120686
-7.28849 0.115846
-7.19425 0.109837
-7.1 0.102681
-7.00575 0.0944088
-6.9115 0.0850603
-6.81726 0.074687
-6.72301 0.0633494
-6.62876 0.0511178
-6.53451 0.0380718
-6.44026 0.0242998
-6.34602 0.00989874
-6.25177 -0.00502658
-6.15752 -0.020364
-6.06327 -0.0359948
-5.96903 -0.0517943
-5.87478 -0.0676326
-5.78053 -0.0833756
-5.68628 -0.0988861
-5.59203 -0.114024
-5.49779 -0.128649
-5.40354 -0.142618
-5.30929 -0.155792
-5.21504 -0.168031
-5.1208 -0.179198
-5.02655 -0.189162
-4.9323 -0.197795
-4.83805 -0.204975
-4.7438 -0.210588
-4.64956 -0.214528
-4.55531 -0.216694
-4.46106 -0.217
-4.36681 -0.215365
-4.27257 -0.211721
-4.17832 -0.20601
-4.08407 -0.198184
-3.98982 -0.188208
-3.89557 -0.176053
-3.80133 -0.161705
-3.70708 -0.145156
-3.61283 -0.126407
-3.51858 -0.105464
-3.42434 -0.0823381
-3.33009 -0.057044
-3.23584 -0.0295948
-3.14159 -1.18348e-14
