-12.5664 -1.02849e-15
-12.4712 -0.00683466
-12.376 -0.0136693
-12.2808 -0.020504
-12.1856 -0.0273386
-12.0904 -0.0341733
-11.9952 -0.0410079
-11.9 -0.0478426
-11.8048 -0.0546772
-11.7096 -0.0615119
-11.6144 -0.0683466
-11.5192 -0.0751812
-11.424 -0.0758647
-11.3288 -0.0765481
-11.2336 -0.0772316
-11.1384 -0.0779151
-11.0432 -0.0785985
-10.948 -0.079282
-10.8528 -0.0799655
-10.7576 -0.0806489
-10.6624 -0.0813324
-10.5672 -0.0820159
-10.472 -0.0826993
-10.3768 -0.0751812
-10.2816 -0.0676631
-10.1864 -0.060145
-10.0912 -0.0526268
-9.99598 -0.0451087
-9.90078 -0.0375906
-9.80558 -0.0300725
-9.71038 -0.0225544
-9.61518 -0.0150362
-9.51998 -0.00751812
-9.42478 1.11022e-15
-9.32958 0.00939765
-9.23438 0.0187953
-9.13918 0.028193
-9.04398 0.0375906
-8.94878 0.0469883
-8.85358 0.0563859
-8.75838 0.0657836
-8.66318 0.0751812
-8.56798 0.0845789
-8.47278 0.0939765
-8.37758 0.103374
-8.28238 0.104717
-8.18718 0.106059
-8.09198 0.107402
-7.99678 0.108744
-7.90158 0.110087
-7.80638 0.111429
-7.71118 0.112772
-7.61598 0.114114
-7.52078 0.115457
-7.42558 0.116799
-7.33038 0.118142
-7.23518 0.107402
-7.13998 0.0966616
-7.04478 0.0859214
-6.94958 0.0751812
-6.85438 0.064441
-6.75918 0.0537009
-6.66398 0.0429607
-6.56878 0.0322205
-6.47358 0.0214803
-6.37839 0.0107402
-6.28319 -1.11022e-15
-6.18799 -0.0150362
-6.09279 -0.0300725
-5.99759 -0.0451087
-5.90239 -0.060145
-5.80719 -0.0751812
-5.71199 -0.0902175
-5.61679 -0.105254
-5.52159 -0.12029
-5.42639 -0.135326
-5.33119 -0.150362
-5.23599 -0.165399
-5.14079 -0.169158
-5.04559 -0.172917
-4.95039 -0.176676
-4.85519 -0.180435
-4.75999 -0.184194
-4.66479 -0.187953
-4.56959 -0.191712
-4.47439 -0.195471
-4.37919 -0.19923
-4.28399 -0.202989
-4.18879 -0.206748
-4.09359 -0.187953
-3.99839 -0.169158
-3.90319 -0.150362
-3.80799 -0.131567
-3.71279 -0.112772
-3.61759 -0.0939765
-3.52239 -0.0751812
-3.42719 -0.0563859
-3.33199 -0.0375906
-3.23679 -0.0187953
-3.14159 1.22125e-15
