-8 0.12367
-7.9996 0.123681
-7.9992 0.123693
-7.99881 0.123704
-7.99841 0.123716
-7.99801 0.123727
-7.99761 0.123739
-7.9196 0.125995
-7.91919 0.126003
-7.91879 0.126011
-7.91839 0.126019
-7.91799 0.126027
-7.91758 0.126034
-7.8386 0.127557
-7.8382 0.12756
-7.83781 0.127564
-7.83741 0.127568
-7.83701 0.127572
-7.83661 0.127575
-7.7586 0.128301
-7.75819 0.128301
-7.75779 0.128301
-7.75739 0.1283
-7.75699 0.1283
-7.75658 0.1283
-7.6776 0.128226
-7.6772 0.128222
-7.67681 0.128217
-7.67641 0.128213
-7.67601 0.128208
-7.67561 0.128204
-7.5976 0.127316
-7.5972 0.127308
-7.59681 0.127299
-7.59641 0.12729
-7.59601 0.127281
-7.59561 0.127273
-7.5176 0.125564
-7.51719 0.125551
-7.51679 0.125538
-7.51639 0.125524
-7.51599 0.125511
-7.51558 0.125498
-7.4366 0.122924
-7.4362 0.122907
-7.43581 0.12289
-7.43541 0.122873
-7.43501 0.122855
-7.43461 0.122838
-7.3566 0.11946
-7.35619 0.119438
-7.35579 0.119416
-7.35539 0.119395
-7.35499 0.119373
-7.35458 0.119351
-7.2756 0.115088
-7.2752 0.115062
-7.27481 0.115037
-7.27441 0.115011
-7.27401 0.114985
-7.27361 0.11496
-7.1956 0.109924
-7.1952 0.109894
-7.19481 0.109865
-7.19441 0.109835
-7.19401 0.109805
-7.19361 0.109775
-7.1156 0.103933
-7.11519 0.103898
-7.11479 0.103864
-7.11439 0.10383
-7.11399 0.103796
-7.11358 0.103761
-7.0346 0.0970433
-7.0342 0.0970056
-7.03381 0.0969678
-7.03341 0.09693
-7.03301 0.0968923
-7.03261 0.0968545
-6.9546 0.0894486
-6.95419 0.0894065
-6.95379 0.0893644
-6.95339 0.0893224
-6.95299 0.0892803
-6.95258 0.0892382
-6.8736 0.0809903
-6.8732 0.0809452
-6.87281 0.0809
-6.87241 0.0808548
-6.87201 0.0808097
-6.87161 0.0807645
-6.7936 0.0719103
-6.7932 0.0718617
-6.79281 0.0718131
-6.79241 0.0717646
-6.79201 0.071716
-6.79161 0.0716675
-6.7136 0.0621477
-6.71319 0.0620953
-6.71279 0.0620429
-6.71239 0.0619905
-6.71199 0.0619381
-6.71158 0.0618857
-6.6326 0.0516148
-6.6322 0.0515601
-6.63181 0.0515054
-6.63141 0.0514507
-6.63101 0.051396
-6.63061 0.0513413
-6.5526 0.0406184
-6.55219 0.0405603
-6.55179 0.0405022
-6.55139 0.0404441
-6.55099 0.040386
-6.55058 0.0403279
-6.4716 0.0289413
-6.4712 0.0288815
-6.47081 0.0288218
-6.47041 0.028762
-6.47001 0.0287023
-6.46961 0.0286425
-6.3916 0.0169282
-6.3912 0.0168664
-6.39081 0.0168045
-6.39041 0.0167427
-6.39001 0.0166809
-6.38961 0.0166191
-6.3116 0.00450008
-6.31119 0.00443572
-6.31079 0.00437136
-6.31039 0.00430701
-6.30999 0.00424265
-6.30958 0.00417829
-6.2306 -0.00843626
-6.2302 -0.00850122
-6.22981 -0.00856618
-6.22941 -0.00863113
-6.22901 -0.00869609
-6.22861 -0.00876105
-6.1506 -0.0214943
-6.15019 -0.0215611
-6.14979 -0.0216279
-6.14939 -0.0216948
-6.14899 -0.0217616
-6.14858 -0.0218284
-6.0696 -0.0349223
-6.0692 -0.034989
-6.06881 -0.0350556
-6.06841 -0.0351222
-6.06801 -0.0351888
-6.06761 -0.0352555
-5.9896 -0.0483145
-5.9892 -0.0483813
-5.98881 -0.0484482
-5.98841 -0.0485151
-5.98801 -0.048582
-5.98761 -0.0486488
-5.9096 -0.0617568
-5.90919 -0.0618243
-5.90879 -0.0618919
-5.90839 -0.0619594
-5.90799 -0.062027
-5.90758 -0.0620945
-5.8286 -0.075333
-5.8282 -0.0753991
-5.82781 -0.0754653
-5.82741 -0.0755314
-5.82701 -0.0755975
-5.82661 -0.0756637
-5.7486 -0.0886274
-5.74819 -0.0886934
-5.74779 -0.0887594
-5.74739 -0.0888253
-5.74699 -0.0888913
-5.74658 -0.0889572
-5.6676 -0.101883
-5.6672 -0.101946
-5.66681 -0.10201
-5.66641 -0.102074
-5.66601 -0.102138
-5.66561 -0.102201
-5.5876 -0.114687
-5.5872 -0.114749
-5.58681 -0.114811
-5.58641 -0.114873
-5.58601 -0.114935
-5.58561 -0.114997
-5.5076 -0.127121
-5.50719 -0.127181
-5.50679 -0.127241
-5.50639 -0.127302
-5.50599 -0.127362
-5.50558 -0.127422
-5.4266 -0.13924
-5.4262 -0.139297
-5.42581 -0.139354
-5.42541 -0.139411
-5.42501 -0.139468
-5.42461 -0.139524
-5.3466 -0.150663
-5.34619 -0.150717
-5.34579 -0.150771
-5.34539 -0.150826
-5.34499 -0.15088
-5.34458 -0.150934
-5.2656 -0.161583
-5.2652 -0.161633
-5.26481 -0.161683
-5.26441 -0.161733
-5.26401 -0.161783
-5.26361 -0.161833
-5.1856 -0.171648
-5.1852 -0.171694
-5.18481 -0.17174
-5.18441 -0.171786
-5.18401 -0.171832
-5.18361 -0.171879
-5.1056 -0.180914
-5.10519 -0.180956
-5.10479 -0.180998
-5.10439 -0.18104
-5.10399 -0.181083
-5.10358 -0.181125
-5.0246 -0.189397
-5.0242 -0.189434
-5.02381 -0.189471
-5.02341 -0.189508
-5.02301 -0.189544
-5.02261 -0.189581
-4.9446 -0.19681
-4.94419 -0.196842
-4.94379 -0.196874
-4.94339 -0.196907
-4.94299 -0.196939
-4.94258 -0.196971
-4.8636 -0.20326
-4.8632 -0.203286
-4.86281 -0.203312
-4.86241 -0.203338
-4.86201 -0.203365
-4.86161 -0.203391
-4.7836 -0.208515
-4.7832 -0.208535
-4.78281 -0.208555
-4.78241 -0.208576
-4.78201 -0.208596
-4.78161 -0.208616
-4.7036 -0.212592
-4.70319 -0.212606
-4.70279 -0.21262
-4.70239 -0.212635
-4.70199 -0.212649
-4.70158 -0.212663
-4.6226 -0.215454
-4.6222 -0.215461
-4.62181 -0.215469
-4.62141 -0.215476
-4.62101 -0.215484
-4.62061 -0.215492
-4.5426 -0.216969
-4.54219 -0.21697
-4.54179 -0.216971
-4.54139 -0.216972
-4.54099 -0.216972
-4.54058 -0.216973
-4.4616 -0.21712
-4.4612 -0.217113
-4.46081 -0.217107
-4.46041 -0.217101
-4.46001 -0.217095
-4.45961 -0.217088
-4.3816 -0.215851
-4.3812 -0.215837
-4.38081 -0.215824
-4.38041 -0.21581
-4.38001 -0.215796
-4.37961 -0.215783
-4.3016 -0.213127
-4.30119 -0.213106
-4.30079 -0.213085
-4.30039 -0.213064
-4.29999 -0.213042
-4.29958 -0.213021
-4.2206 -0.20885
-4.2202 -0.208822
-4.21981 -0.208793
-4.21941 -0.208765
-4.21901 -0.208736
-4.21861 -0.208707
-4.1406 -0.203091
-4.14019 -0.203054
-4.13979 -0.203017
-4.13939 -0.20298
-4.13899 -0.202943
-4.13858 -0.202906
-4.0596 -0.195679
-4.0592 -0.195635
-4.05881 -0.19559
-4.05841 -0.195546
-4.05801 -0.195502
-4.05761 -0.195458
-3.9796 -0.186776
-3.97919 -0.186723
-3.97879 -0.18667
-3.97839 -0.186618
-3.97799 -0.186565
-3.97758 -0.186512
-3.8986 -0.176149
-3.8982 -0.176089
-3.89781 -0.176029
-3.89741 -0.175969
-3.89701 -0.175909
-3.89661 -0.175848
-3.8186 -0.164052
-3.8182 -0.163984
-3.81781 -0.163916
-3.81741 -0.163848
-3.81701 -0.16378
-3.81661 -0.163712
-3.7386 -0.150365
-3.73819 -0.150288
-3.73779 -0.150211
-3.73739 -0.150134
-3.73699 -0.150057
-3.73658 -0.14998
-3.6576 -0.134897
-3.6572 -0.134813
-3.65681 -0.134729
-3.65641 -0.134645
-3.65601 -0.134562
-3.65561 -0.134478
-3.5776 -0.118042
-3.57719 -0.117949
-3.57679 -0.117857
-3.57639 -0.117764
-3.57599 -0.117671
-3.57558 -0.117579
-3.4966 -0.0994068
-3.4962 -0.0993077
-3.49581 -0.0992086
-3.49541 -0.0991095
-3.49501 -0.0990104
-3.49461 -0.0989113
-3.4166 -0.0794777
-3.4162 -0.0793712
-3.41581 -0.0792647
-3.41541 -0.0791583
-3.41501 -0.0790518
-3.41461 -0.0789454
-3.3366 -0.0580708
-3.33619 -0.0579557
-3.33579 -0.0578407
-3.33539 -0.0577256
-3.33499 -0.0576106
-3.33458 -0.0574955
-3.2556 -0.0349402
-3.2552 -0.0348197
-3.25481 -0.0346992
-3.25441 -0.0345786
-3.25401 -0.0344581
-3.25361 -0.0343375
-3.1756 -0.0107027
-3.17519 -0.0105739
-3.17479 -0.0104451
-3.17439 -0.0103164
-3.17399 -0.0101876
-3.17358 -0.0100589
-3.0946 0.0151822
-3.0942 0.0153157
-3.09381 0.0154491
-3.09341 0.0155826
-3.09301 0.0157161
-3.09261 0.0158495
-3.0146 0.0420149
-3.0142 0.0421543
-3.01381 0.0422937
-3.01341 0.0424331
-3.01301 0.0425724
-3.01261 0.0427118
-2.9346 0.0700364
-2.93419 0.0701832
-2.93379 0.0703299
-2.93339 0.0704766
-2.93299 0.0706234
-2.93258 0.0707701
-2.8536 0.099535
-2.8532 0.0996851
-2.85281 0.0998351
-2.85241 0.0999852
-2.85201 0.100135
-2.85161 0.100285
-2.7736 0.129706
-2.77319 0.129863
-2.77279 0.130019
-2.77239 0.130176
-2.77199 0.130333
-2.77158 0.13049
-2.6926 0.161205
-2.6922 0.161364
-2.69181 0.161523
-2.69141 0.161682
-2.69101 0.161841
-2.69061 0.162
-2.6126 0.193166
-2.6122 0.193329
-2.61181 0.193492
-2.61141 0.193654
-2.61101 0.193817
-2.61061 0.19398
-2.5326 0.225874
-2.53219 0.226042
-2.53179 0.22621
-2.53139 0.226378
-2.53099 0.226546
-2.53058 0.226714
-2.4516 0.25964
-2.4512 0.259808
-2.45081 0.259977
-2.45041 0.260145
-2.45001 0.260314
-2.44961 0.260483
-2.3716 0.29353
-2.37119 0.293703
-2.37079 0.293875
-2.37039 0.294048
-2.36999 0.294221
-2.36958 0.294394
-2.2906 0.32827
-2.2902 0.328442
-2.28981 0.328614
-2.28941 0.328787
-2.28901 0.328959
-2.28861 0.329131
-2.2106 0.362893
-2.2102 0.363067
-2.20981 0.36324
-2.20941 0.363413
-2.20901 0.363586
-2.20861 0.363759
-2.1306 0.397711
-2.13019 0.397886
-2.12979 0.398062
-2.12939 0.398238
-2.12899 0.398414
-2.12858 0.398589
-2.0496 0.433033
-2.0492 0.433206
-2.04881 0.43338
-2.04841 0.433553
-2.04801 0.433726
-2.04761 0.4339
-1.9696 0.467876
-1.96919 0.46805
-1.96879 0.468225
-1.96839 0.4684
-1.96799 0.468574
-1.96758 0.468749
-1.8886 0.502976
-1.8882 0.503147
-1.88781 0.503318
-1.88741 0.503489
-1.88701 0.50366
-1.88661 0.503831
-1.8086 0.537352
-1.8082 0.537521
-1.80781 0.53769
-1.80741 0.537859
-1.80701 0.538028
-1.80661 0.538196
-1.7286 0.571315
-1.72819 0.571483
-1.72779 0.571651
-1.72739 0.57182
-1.72699 0.571988
-1.72658 0.572156
-1.6476 0.605152
-1.6472 0.605315
-1.64681 0.605478
-1.64641 0.605641
-1.64601 0.605804
-1.64561 0.605967
-1.5676 0.637914
-1.56719 0.638075
-1.56679 0.638236
-1.56639 0.638397
-1.56599 0.638558
-1.56558 0.638719
-1.4866 0.67029
-1.4862 0.670445
-1.48581 0.670599
-1.48541 0.670754
-1.48501 0.670908
-1.48461 0.671063
-1.4066 0.701369
-1.4062 0.701518
-1.40581 0.701668
-1.40541 0.701818
-1.40501 0.701967
-1.40461 0.702117
-1.3266 0.731441
-1.32619 0.731587
-1.32579 0.731733
-1.32539 0.731878
-1.32499 0.732024
-1.32458 0.73217
-1.2456 0.760744
-1.2452 0.760882
-1.24481 0.76102
-1.24441 0.761158
-1.24401 0.761296
-1.24361 0.761434
-1.1656 0.788454
-1.16519 0.788587
-1.16479 0.78872
-1.16439 0.788853
-1.16399 0.788986
-1.16358 0.789118
-1.0846 0.81515
-1.0842 0.815274
-1.08381 0.815398
-1.08341 0.815522
-1.08301 0.815646
-1.08261 0.815771
-1.0046 0.840079
-1.0042 0.840196
-1.0038 0.840313
-1.0034 0.84043
-1.003 0.840547
-1.0026 0.840664
-0.9242 0.863596
-0.9238 0.863705
-0.9234 0.863814
-0.923 0.863923
-0.9226 0.864032
-0.9222 0.86414
-0.8438 0.885483
-0.8434 0.885583
-0.843 0.885684
-0.8426 0.885784
-0.8422 0.885885
-0.8418 0.885985
-0.7634 0.905657
-0.763 0.905748
-0.7626 0.90584
-0.7622 0.905931
-0.7618 0.906023
-0.7614 0.906114
-0.683 0.924041
-0.6826 0.924123
-0.6822 0.924205
-0.6818 0.924287
-0.6814 0.92437
-0.681 0.924452
-0.6026 0.940563
-0.6022 0.940636
-0.6018 0.940709
-0.6014 0.940781
-0.601 0.940854
-0.6006 0.940927
-0.5222 0.955162
-0.5218 0.955225
-0.5214 0.955288
-0.521 0.95535
-0.5206 0.955413
-0.5202 0.955476
-0.4418 0.96778
-0.4414 0.967832
-0.441 0.967885
-0.4406 0.967938
-0.4402 0.967991
-0.4398 0.968043
-0.3614 0.978368
-0.361 0.978411
-0.3606 0.978453
-0.3602 0.978496
-0.3598 0.978538
-0.3594 0.97858
-0.281 0.986886
-0.2806 0.986918
-0.2802 0.98695
-0.2798 0.986982
-0.2794 0.987014
-0.279 0.987046
-0.2006 0.993301
-0.2002 0.993323
-0.1998 0.993344
-0.1994 0.993366
-0.199 0.993387
-0.1986 0.993408
-0.1202 0.997588
-0.1198 0.997599
-0.1194 0.99761
-0.119 0.997621
-0.1186 0.997631
-0.1182 0.997642
-0.0398 0.999731
-0.0394 0.999731
-0.039 0.999731
-0.0386 0.999731
-0.0382 0.999731
-0.0378 0.999731
0.0406 0.99972
0.041 0.999709
0.0414 0.999699
0.0418 0.999688
0.0422 0.999677
0.0426 0.999666
0.121 0.997556
0.1214 0.997535
0.1218 0.997514
0.1222 0.997492
0.1226 0.997471
0.123 0.997449
0.2014 0.993248
0.2018 0.993216
0.2022 0.993184
0.2026 0.993152
0.203 0.99312
0.2034 0.993088
0.2818 0.986812
0.2822 0.98677
0.2826 0.986727
0.283 0.986685
0.2834 0.986642
0.2838 0.9866
0.3622 0.978273
0.3626 0.97822
0.363 0.978168
0.3634 0.978115
0.3638 0.978062
0.3642 0.978009
0.4426 0.967664
0.443 0.967601
0.4434 0.967539
0.4438 0.967476
0.4442 0.967413
0.4446 0.96735
0.523 0.955026
0.5234 0.954954
0.5238 0.954881
0.5242 0.954808
0.5246 0.954736
0.525 0.954663
0.6034 0.940409
0.6038 0.940326
0.6042 0.940244
0.6046 0.940162
0.605 0.94008
0.6054 0.939997
0.6838 0.923867
0.6842 0.923775
0.6846 0.923684
0.685 0.923592
0.6854 0.923501
0.6858 0.923409
0.7642 0.905465
0.7646 0.905365
0.765 0.905264
0.7654 0.905164
0.7658 0.905063
0.7662 0.904963
0.8446 0.885274
0.845 0.885165
0.8454 0.885056
0.8458 0.884947
0.8462 0.884838
0.8466 0.884729
0.925 0.86337
0.9254 0.863253
0.9258 0.863136
0.9262 0.863019
0.9266 0.862902
0.927 0.862785
1.0054 0.839838
1.0058 0.839714
1.00619 0.83959
1.00659 0.839466
1.00699 0.839342
1.00739 0.839218
1.0854 0.814893
1.08581 0.81476
1.08621 0.814628
1.08661 0.814495
1.08701 0.814362
1.08742 0.814229
1.1664 0.788183
1.1668 0.788046
1.16719 0.787908
1.16759 0.78777
1.16799 0.787632
1.16839 0.787494
1.2464 0.760461
1.24681 0.760315
1.24721 0.760169
1.24761 0.760023
1.24801 0.759877
1.24842 0.759732
1.3274 0.731145
1.3278 0.730996
1.32819 0.730846
1.32859 0.730697
1.32899 0.730547
1.32939 0.730397
1.4074 0.701065
1.4078 0.70091
1.40819 0.700755
1.40859 0.700601
1.40899 0.700446
1.40939 0.700291
1.4874 0.669974
1.48781 0.669813
1.48821 0.669652
1.48861 0.669491
1.48901 0.66933
1.48942 0.669169
1.5684 0.63759
1.5688 0.637427
1.56919 0.637264
1.56959 0.637101
1.56999 0.636938
1.57039 0.636775
1.6484 0.60482
1.64881 0.604652
1.64921 0.604484
1.64961 0.604315
1.65001 0.604147
1.65042 0.603978
1.7294 0.570977
1.7298 0.570808
1.73019 0.570639
1.73059 0.57047
1.73099 0.570301
1.73139 0.570132
1.8094 0.537012
1.8098 0.536841
1.81019 0.53667
1.81059 0.536499
1.81099 0.536327
1.81139 0.536156
1.8894 0.502631
1.88981 0.502456
1.89021 0.502281
1.89061 0.502107
1.89101 0.501932
1.89142 0.501757
1.9704 0.467528
1.9708 0.467354
1.97119 0.467181
1.97159 0.467008
1.97199 0.466834
1.97239 0.466661
2.0504 0.432684
2.05081 0.432508
2.05121 0.432332
2.05161 0.432157
2.05201 0.431981
2.05242 0.431805
2.1314 0.397362
2.1318 0.397188
2.13219 0.397015
2.13259 0.396842
2.13299 0.396669
2.13339 0.396496
2.2114 0.362548
2.2118 0.362376
2.21219 0.362203
2.21259 0.362031
2.21299 0.361859
2.21339 0.361687
2.2914 0.327925
2.29181 0.327752
2.29221 0.327579
2.29261 0.327406
2.29301 0.327233
2.29342 0.32706
2.3724 0.293188
2.3728 0.29302
2.37319 0.292851
2.37359 0.292683
2.37399 0.292514
2.37439 0.292345
2.4524 0.259303
2.45281 0.259135
2.45321 0.258967
2.45361 0.258799
2.45401 0.258631
2.45442 0.258463
2.5334 0.225543
2.5338 0.225381
2.53419 0.225218
2.53459 0.225055
2.53499 0.224893
2.53539 0.22473
2.6134 0.192845
2.6138 0.192686
2.61419 0.192527
2.61459 0.192368
2.61499 0.192209
2.61539 0.19205
2.6934 0.16089
2.69381 0.160733
2.69421 0.160576
2.69461 0.16042
2.69501 0.160263
2.69542 0.160106
2.7744 0.129399
2.7748 0.129249
2.77519 0.129099
2.77559 0.128949
2.77599 0.128799
2.77639 0.128649
2.8544 0.0992382
2.85481 0.0990914
2.85521 0.0989447
2.85561 0.098798
2.85601 0.0986512
2.85642 0.0985045
2.9354 0.0697503
2.9358 0.0696109
2.93619 0.0694716
2.93659 0.0693322
2.93699 0.0691928
2.93739 0.0690534
3.0154 0.0417421
3.0158 0.0416086
3.01619 0.0414752
3.01659 0.0413417
3.01699 0.0412082
3.01739 0.0410748
3.0954 0.01492
3.09581 0.0147912
3.09621 0.0146625
3.09661 0.0145337
3.09701 0.0144049
3.09742 0.0142762
3.1764 -0.010952
3.1768 -0.0110725
3.17719 -0.011193
3.17759 -0.0113136
3.17799 -0.0114341
3.17839 -0.0115547
3.2564 -0.0351758
3.25681 -0.0352909
3.25721 -0.0354059
3.25761 -0.035521
3.25801 -0.035636
3.25842 -0.0357511
3.3374 -0.0582923
3.3378 -0.0583988
3.33819 -0.0585052
3.33859 -0.0586117
3.33899 -0.0587181
3.33939 -0.0588246
3.4174 -0.0796832
3.4178 -0.0797824
3.41819 -0.0798815
3.41859 -0.0799806
3.41899 -0.0800797
3.41939 -0.0801788
3.4974 -0.0995986
3.49781 -0.0996913
3.49821 -0.099784
3.49861 -0.0998767
3.49901 -0.0999693
3.49942 -0.100062
3.5784 -0.118219
3.5788 -0.118302
3.57919 -0.118386
3.57959 -0.11847
3.57999 -0.118554
3.58039 -0.118638
3.6584 -0.135058
3.65881 -0.135134
3.65921 -0.135211
3.65961 -0.135288
3.66001 -0.135365
3.66042 -0.135442
3.7394 -0.15051
3.7398 -0.150578
3.74019 -0.150646
3.74059 -0.150714
3.74099 -0.150782
3.74139 -0.15085
3.8194 -0.16418
3.8198 -0.16424
3.82019 -0.164301
3.82059 -0.164361
3.82099 -0.164421
3.82139 -0.164481
3.8994 -0.176262
3.89981 -0.176315
3.90021 -0.176368
3.90061 -0.176421
3.90101 -0.176473
3.90142 -0.176526
3.9804 -0.186873
3.9808 -0.186917
3.98119 -0.186962
3.98159 -0.187006
3.98199 -0.18705
3.98239 -0.187094
4.0604 -0.19576
4.06081 -0.195797
4.06121 -0.195834
4.06161 -0.19587
4.06201 -0.195907
4.06242 -0.195944
4.1414 -0.203156
4.1418 -0.203185
4.14219 -0.203213
4.14259 -0.203242
4.14299 -0.20327
4.14339 -0.203299
4.2214 -0.2089
4.22181 -0.208921
4.22221 -0.208943
4.22261 -0.208964
4.22301 -0.208985
4.22342 -0.209006
4.3024 -0.213162
4.3028 -0.213176
4.30319 -0.213189
4.30359 -0.213203
4.30399 -0.213216
4.30439 -0.21323
4.3824 -0.21587
4.3828 -0.215877
4.38319 -0.215883
4.38359 -0.215889
4.38399 -0.215895
4.38439 -0.215902
4.4624 -0.217125
4.46281 -0.217124
4.46321 -0.217124
4.46361 -0.217123
4.46401 -0.217122
4.46442 -0.217121
4.5434 -0.216961
4.5438 -0.216953
4.54419 -0.216946
4.54459 -0.216938
4.54499 -0.216931
4.54539 -0.216923
4.6234 -0.215432
4.62381 -0.215418
4.62421 -0.215403
4.62461 -0.215389
4.62501 -0.215375
4.62542 -0.215361
4.7044 -0.212557
4.7048 -0.212537
4.70519 -0.212517
4.70559 -0.212496
4.70599 -0.212476
4.70639 -0.212456
4.7844 -0.208468
4.7848 -0.208442
4.78519 -0.208416
4.78559 -0.20839
4.78599 -0.208364
4.78639 -0.208337
4.8644 -0.203202
4.86481 -0.20317
4.86521 -0.203137
4.86561 -0.203105
4.86601 -0.203073
4.86642 -0.203041
4.9454 -0.196741
4.9458 -0.196704
4.94619 -0.196667
4.94659 -0.19663
4.94699 -0.196594
4.94739 -0.196557
5.0254 -0.189318
5.02581 -0.189276
5.02621 -0.189233
5.02661 -0.189191
5.02701 -0.189149
5.02742 -0.189107
5.1064 -0.180825
5.1068 -0.180779
5.10719 -0.180733
5.10759 -0.180687
5.10799 -0.180641
5.10839 -0.180595
5.1864 -0.171552
5.1868 -0.171502
5.18719 -0.171452
5.18759 -0.171401
5.18799 -0.171351
5.18839 -0.171301
5.2664 -0.161478
5.26681 -0.161424
5.26721 -0.16137
5.26761 -0.161315
5.26801 -0.161261
5.26842 -0.161207
5.3474 -0.150551
5.3478 -0.150495
5.34819 -0.150438
5.34859 -0.150381
5.34899 -0.150324
5.34939 -0.150267
5.4274 -0.139123
5.42781 -0.139063
5.42821 -0.139002
5.42861 -0.138942
5.42901 -0.138882
5.42942 -0.138821
5.5084 -0.126998
5.5088 -0.126937
5.50919 -0.126875
5.50959 -0.126813
5.50999 -0.126751
5.51039 -0.126689
5.5884 -0.114562
5.5888 -0.114498
5.58919 -0.114434
5.58959 -0.114371
5.58999 -0.114307
5.59039 -0.114243
5.6684 -0.101753
5.66881 -0.101687
5.66921 -0.101621
5.66961 -0.101555
5.67001 -0.101489
5.67042 -0.101423
5.7494 -0.0884953
5.7498 -0.0884292
5.75019 -0.0883631
5.75059 -0.0882969
5.75099 -0.0882308
5.75139 -0.0881646
5.8294 -0.0751993
5.82981 -0.0751317
5.83021 -0.0750642
5.83061 -0.0749966
5.83101 -0.0749291
5.83142 -0.0748615
5.9104 -0.0616224
5.9108 -0.0615555
5.91119 -0.0614886
5.91159 -0.0614217
5.91199 -0.0613549
5.91239 -0.061288
5.9904 -0.048181
5.9908 -0.0481143
5.99119 -0.0480477
5.99159 -0.0479811
5.99199 -0.0479145
5.99239 -0.0478478
6.0704 -0.0347889
6.07081 -0.0347221
6.07121 -0.0346553
6.07161 -0.0345885
6.07201 -0.0345217
6.07242 -0.0344549
6.1514 -0.0213626
6.1518 -0.0212976
6.15219 -0.0212327
6.15259 -0.0211677
6.15299 -0.0211027
6.15339 -0.0210378
6.2314 -0.00830695
6.23181 -0.00824259
6.23221 -0.00817824
6.23261 -0.00811388
6.23301 -0.00804952
6.23342 -0.00798517
6.3124 0.00462625
6.3128 0.00468807
6.31319 0.00474989
6.31359 0.00481171
6.31399 0.00487353
6.31439 0.00493535
6.3924 0.0170498
6.3928 0.0171095
6.39319 0.0171693
6.39359 0.017229
6.39399 0.0172888
6.39439 0.0173485
6.4724 0.0290591
6.47281 0.0291172
6.47321 0.0291753
6.47361 0.0292334
6.47401 0.0292915
6.47442 0.0293496
6.5534 0.0407312
6.5538 0.0407858
6.55419 0.0408405
6.55459 0.0408952
6.55499 0.0409499
6.55539 0.0410046
6.6334 0.0517219
6.63381 0.0517743
6.63421 0.0518267
6.63461 0.0518791
6.63501 0.0519314
6.63542 0.0519838
6.7144 0.0622486
6.7148 0.0622972
6.71519 0.0623457
6.71559 0.0623943
6.71599 0.0624428
6.71639 0.0624914
6.7944 0.072004
6.7948 0.0720491
6.79519 0.0720943
6.79559 0.0721394
6.79599 0.0721846
6.79639 0.0722297
6.8744 0.0810775
6.87481 0.0811196
6.87521 0.0811617
6.87561 0.0812037
6.87601 0.0812458
6.87642 0.0812879
6.9554 0.0895284
6.9558 0.0895662
6.95619 0.0896039
6.95659 0.0896417
6.95699 0.0896795
6.95739 0.0897172
7.0354 0.0971153
7.03581 0.0971496
7.03621 0.0971839
7.03661 0.0972181
7.03701 0.0972524
7.03742 0.0972866
7.1164 0.103997
7.1168 0.104026
7.11719 0.104056
7.11759 0.104086
7.11799 0.104116
7.11839 0.104146
7.1964 0.10998
7.1968 0.110005
7.19719 0.110031
7.19759 0.110057
7.19799 0.110082
7.19839 0.110108
7.2764 0.115135
7.27681 0.115157
7.27721 0.115179
7.27761 0.115201
7.27801 0.115222
7.27842 0.115244
7.3574 0.119499
7.3578 0.119516
7.35819 0.119533
7.35859 0.11955
7.35899 0.119568
7.35939 0.119585
7.4374 0.122955
7.43781 0.122968
7.43821 0.122981
7.43861 0.122994
7.43901 0.123007
7.43942 0.12302
7.5184 0.125586
7.5188 0.125594
7.51919 0.125603
7.51959 0.125612
7.51999 0.12562
7.52039 0.125629
7.5984 0.127329
7.5988 0.127334
7.59919 0.127339
7.59959 0.127343
7.59999 0.127348
7.60039 0.127352
7.6784 0.128231
7.67881 0.128231
7.67921 0.128232
7.67961 0.128232
7.68001 0.128232
7.68042 0.128233
7.7594 0.128298
7.7598 0.128294
7.76019 0.12829
7.76059 0.128287
7.76099 0.128283
7.76139 0.128279
7.8394 0.127545
7.83981 0.127537
7.84021 0.12753
7.84061 0.127522
7.84101 0.127514
7.84142 0.127506
7.9204 0.125976
7.9208 0.125965
7.92119 0.125953
7.92159 0.125941
7.92199 0.12593
7.92239 0.125918
