-8 0.12367
-7.9996 0.123683
-7.9992 0.123697
-7.99881 0.12371
-7.99841 0.123723
-7.99801 0.123737
-7.99761 0.12375
-7.9196 0.125997
-7.91919 0.126007
-7.91879 0.126017
-7.91839 0.126026
-7.91799 0.126036
-7.91758 0.126046
-7.8386 0.127559
-7.8382 0.127564
-7.83781 0.12757
-7.83741 0.127576
-7.83701 0.127581
-7.83661 0.127587
-7.7586 0.128303
-7.75819 0.128305
-7.75779 0.128307
-7.75739 0.128308
-7.75699 0.12831
-7.75658 0.128312
-7.6776 0.128228
-7.6772 0.128226
-7.67681 0.128223
-7.67641 0.128221
-7.67601 0.128218
-7.67561 0.128216
-7.5976 0.127318
-7.5972 0.127312
-7.59681 0.127305
-7.59641 0.127298
-7.59601 0.127292
-7.59561 0.127285
-7.5176 0.125566
-7.51719 0.125555
-7.51679 0.125544
-7.51639 0.125533
-7.51599 0.125522
-7.51558 0.125511
-7.4366 0.122926
-7.4362 0.122911
-7.43581 0.122896
-7.43541 0.122881
-7.43501 0.122866
-7.43461 0.12285
-7.3566 0.119462
-7.35619 0.119442
-7.35579 0.119423
-7.35539 0.119403
-7.35499 0.119383
-7.35458 0.119364
-7.2756 0.11509
-7.2752 0.115066
-7.27481 0.115043
-7.27441 0.115019
-7.27401 0.114996
-7.27361 0.114972
-7.1956 0.109926
-7.1952 0.109898
-7.19481 0.109871
-7.19441 0.109843
-7.19401 0.109815
-7.19361 0.109787
-7.1156 0.103935
-7.11519 0.103902
-7.11479 0.10387
-7.11439 0.103838
-7.11399 0.103806
-7.11358 0.103773
-7.0346 0.0970453
-7.0342 0.0970094
-7.03381 0.0969736
-7.03341 0.0969377
-7.03301 0.0969018
-7.03261 0.0968659
-6.9546 0.0894505
-6.95419 0.0894103
-6.95379 0.0893701
-6.95339 0.0893299
-6.95299 0.0892897
-6.95258 0.0892495
-6.8736 0.0809921
-6.8732 0.0809487
-6.87281 0.0809053
-6.87241 0.0808619
-6.87201 0.0808184
-6.87161 0.080775
-6.7936 0.0719119
-6.7932 0.0718651
-6.79281 0.0718182
-6.79241 0.0717713
-6.79201 0.0717243
-6.79161 0.0716774
-6.7136 0.0621493
-6.71319 0.0620985
-6.71279 0.0620477
-6.71239 0.0619969
-6.71199 0.061946
-6.71158 0.0618952
-6.6326 0.0516163
-6.6322 0.051563
-6.63181 0.0515097
-6.63141 0.0514565
-6.63101 0.0514032
-6.63061 0.0513499
-6.5526 0.0406197
-6.55219 0.040563
-6.55179 0.0405062
-6.55139 0.0404495
-6.55099 0.0403927
-6.55058 0.0403359
-6.4716 0.0289425
-6.4712 0.0288839
-6.47081 0.0288253
-6.47041 0.0287667
-6.47001 0.028708
-6.46961 0.0286494
-6.3916 0.0169292
-6.3912 0.0168684
-6.39081 0.0168076
-6.39041 0.0167468
-6.39001 0.0166859
-6.38961 0.0166251
-6.3116 0.00450096
-6.31119 0.00443748
-6.31079 0.00437399
-6.31039 0.00431049
-6.30999 0.00424698
-6.30958 0.00418346
-6.2306 -0.00843558
-6.2302 -0.00849985
-6.22981 -0.00856413
-6.22941 -0.00862842
-6.22901 -0.00869271
-6.22861 -0.00875701
-6.1506 -0.0214938
-6.15019 -0.0215601
-6.14979 -0.0216264
-6.14939 -0.0216927
-6.14899 -0.021759
-6.14858 -0.0218253
-6.0696 -0.034922
-6.0692 -0.0349883
-6.06881 -0.0350546
-6.06841 -0.035121
-6.06801 -0.0351873
-6.06761 -0.0352536
-5.9896 -0.0483143
-5.9892 -0.0483811
-5.98881 -0.0484478
-5.98841 -0.0485146
-5.98801 -0.0485814
-5.98761 -0.0486481
-5.9096 -0.0617569
-5.90919 -0.0618245
-5.90879 -0.0618921
-5.90839 -0.0619597
-5.90799 -0.0620274
-5.90758 -0.062095
-5.8286 -0.0753333
-5.8282 -0.0753997
-5.82781 -0.0754661
-5.82741 -0.0755325
-5.82701 -0.0755989
-5.82661 -0.0756653
-5.7486 -0.088628
-5.74819 -0.0886944
-5.74779 -0.0887609
-5.74739 -0.0888273
-5.74699 -0.0888938
-5.74658 -0.0889602
-5.6676 -0.101883
-5.6672 -0.101948
-5.66681 -0.102012
-5.66641 -0.102077
-5.66601 -0.102141
-5.66561 -0.102205
-5.5876 -0.114688
-5.5872 -0.114751
-5.58681 -0.114814
-5.58641 -0.114877
-5.58601 -0.114939
-5.58561 -0.115002
-5.5076 -0.127122
-5.50719 -0.127183
-5.50679 -0.127245
-5.50639 -0.127306
-5.50599 -0.127368
-5.50558 -0.127429
-5.4266 -0.139242
-5.4262 -0.1393
-5.42581 -0.139358
-5.42541 -0.139416
-5.42501 -0.139474
-5.42461 -0.139532
-5.3466 -0.150664
-5.34619 -0.15072
-5.34579 -0.150776
-5.34539 -0.150832
-5.34499 -0.150888
-5.34458 -0.150944
-5.2656 -0.161585
-5.2652 -0.161636
-5.26481 -0.161688
-5.26441 -0.16174
-5.26401 -0.161792
-5.26361 -0.161844
-5.1856 -0.17165
-5.1852 -0.171698
-5.18481 -0.171746
-5.18441 -0.171794
-5.18401 -0.171842
-5.18361 -0.17189
-5.1056 -0.180916
-5.10519 -0.18096
-5.10479 -0.181005
-5.10439 -0.181049
-5.10399 -0.181094
-5.10358 -0.181138
-5.0246 -0.189399
-5.0242 -0.189439
-5.02381 -0.189478
-5.02341 -0.189517
-5.02301 -0.189556
-5.02261 -0.189595
-4.9446 -0.196813
-4.94419 -0.196848
-4.94379 -0.196882
-4.94339 -0.196917
-4.94299 -0.196952
-4.94258 -0.196986
-4.8636 -0.203263
-4.8632 -0.203292
-4.86281 -0.20332
-4.86241 -0.203349
-4.86201 -0.203378
-4.86161 -0.203407
-4.7836 -0.208518
-4.7832 -0.208541
-4.78281 -0.208564
-4.78241 -0.208587
-4.78201 -0.20861
-4.78161 -0.208633
-4.7036 -0.212595
-4.70319 -0.212612
-4.70279 -0.21263
-4.70239 -0.212647
-4.70199 -0.212664
-4.70158 -0.212682
-4.6226 -0.215457
-4.6222 -0.215468
-4.62181 -0.215478
-4.62141 -0.215489
-4.62101 -0.2155
-4.62061 -0.21551
-4.5426 -0.216973
-4.54219 -0.216977
-4.54179 -0.216981
-4.54139 -0.216985
-4.54099 -0.216989
-4.54058 -0.216993
-4.4616 -0.217123
-4.4612 -0.21712
-4.46081 -0.217117
-4.46041 -0.217115
-4.46001 -0.217112
-4.45961 -0.217109
-4.3816 -0.215854
-4.3812 -0.215844
-4.38081 -0.215834
-4.38041 -0.215824
-4.38001 -0.215814
-4.37961 -0.215804
-4.3016 -0.213131
-4.30119 -0.213114
-4.30079 -0.213096
-4.30039 -0.213079
-4.29999 -0.213061
-4.29958 -0.213043
-4.2206 -0.208854
-4.2202 -0.208829
-4.21981 -0.208804
-4.21941 -0.208779
-4.21901 -0.208754
-4.21861 -0.208729
-4.1406 -0.203095
-4.14019 -0.203062
-4.13979 -0.203029
-4.13939 -0.202996
-4.13899 -0.202963
-4.13858 -0.202929
-4.0596 -0.195683
-4.0592 -0.195642
-4.05881 -0.195602
-4.05841 -0.195561
-4.05801 -0.195521
-4.05761 -0.19548
-3.9796 -0.18678
-3.97919 -0.186731
-3.97879 -0.186682
-3.97839 -0.186633
-3.97799 -0.186584
-3.97758 -0.186535
-3.8986 -0.176153
-3.8982 -0.176097
-3.89781 -0.176041
-3.89741 -0.175984
-3.89701 -0.175928
-3.89661 -0.175871
-3.8186 -0.164056
-3.8182 -0.163992
-3.81781 -0.163928
-3.81741 -0.163863
-3.81701 -0.163799
-3.81661 -0.163735
-3.7386 -0.150369
-3.73819 -0.150296
-3.73779 -0.150223
-3.73739 -0.15015
-3.73699 -0.150077
-3.73658 -0.150003
-3.6576 -0.134901
-3.6572 -0.134821
-3.65681 -0.134741
-3.65641 -0.134661
-3.65601 -0.134581
-3.65561 -0.1345
-3.5776 -0.118046
-3.57719 -0.117957
-3.57679 -0.117868
-3.57639 -0.117779
-3.57599 -0.117691
-3.57558 -0.117602
-3.4966 -0.0994106
-3.4962 -0.0993152
-3.49581 -0.0992197
-3.49541 -0.0991242
-3.49501 -0.0990287
-3.49461 -0.0989332
-3.4166 -0.0794813
-3.4162 -0.0793785
-3.41581 -0.0792756
-3.41541 -0.0791727
-3.41501 -0.0790697
-3.41461 -0.0789667
-3.3366 -0.0580744
-3.33619 -0.057963
-3.33579 -0.0578515
-3.33539 -0.05774
-3.33499 -0.0576284
-3.33458 -0.0575168
-3.2556 -0.0349437
-3.2552 -0.0348265
-3.25481 -0.0347093
-3.25441 -0.0345921
-3.25401 -0.0344748
-3.25361 -0.0343575
-3.1756 -0.010706
-3.17519 -0.0105806
-3.17479 -0.0104551
-3.17439 -0.0103296
-3.17399 -0.0102041
-3.17358 -0.0100785
-3.0946 0.0151791
-3.0942 0.0153095
-3.09381 0.0154399
-3.09341 0.0155703
-3.09301 0.0157008
-3.09261 0.0158313
-3.0146 0.042012
-3.0142 0.0421485
-3.01381 0.0422849
-3.01341 0.0424215
-3.01301 0.042558
-3.01261 0.0426946
-2.9346 0.0700336
-2.93419 0.0701776
-2.93379 0.0703215
-2.93339 0.0704656
-2.93299 0.0706096
-2.93258 0.0707537
-2.8536 0.0995325
-2.8532 0.09968
-2.85281 0.0998276
-2.85241 0.0999752
-2.85201 0.100123
-2.85161 0.10027
-2.7736 0.129704
-2.77319 0.129858
-2.77279 0.130012
-2.77239 0.130167
-2.77199 0.130321
-2.77158 0.130476
-2.6926 0.161203
-2.6922 0.16136
-2.69181 0.161517
-2.69141 0.161674
-2.69101 0.161831
-2.69061 0.161988
-2.6126 0.193165
-2.6122 0.193325
-2.61181 0.193486
-2.61141 0.193647
-2.61101 0.193808
-2.61061 0.193969
-2.5326 0.225872
-2.53219 0.226039
-2.53179 0.226205
-2.53139 0.226372
-2.53099 0.226538
-2.53058 0.226704
-2.4516 0.259638
-2.4512 0.259806
-2.45081 0.259973
-2.45041 0.26014
-2.45001 0.260307
-2.44961 0.260475
-2.3716 0.293529
-2.37119 0.293701
-2.37079 0.293872
-2.37039 0.294044
-2.36999 0.294216
-2.36958 0.294388
-2.2906 0.328269
-2.2902 0.32844
-2.28981 0.328612
-2.28941 0.328784
-2.28901 0.328955
-2.28861 0.329127
-2.2106 0.362893
-2.2102 0.363066
-2.20981 0.363238
-2.20941 0.363411
-2.20901 0.363584
-2.20861 0.363757
-2.1306 0.39771
-2.13019 0.397886
-2.12979 0.398062
-2.12939 0.398237
-2.12899 0.398413
-2.12858 0.398588
-2.0496 0.433033
-2.0492 0.433207
-2.04881 0.43338
-2.04841 0.433554
-2.04801 0.433727
-2.04761 0.4339
-1.9696 0.467876
-1.96919 0.468051
-1.96879 0.468226
-1.96839 0.468401
-1.96799 0.468576
-1.96758 0.468751
-1.8886 0.502977
-1.8882 0.503149
-1.88781 0.50332
-1.88741 0.503492
-1.88701 0.503664
-1.88661 0.503836
-1.8086 0.537353
-1.8082 0.537523
-1.80781 0.537693
-1.80741 0.537863
-1.80701 0.538033
-1.80661 0.538202
-1.7286 0.571316
-1.72819 0.571486
-1.72779 0.571655
-1.72739 0.571825
-1.72699 0.571995
-1.72658 0.572164
-1.6476 0.605153
-1.6472 0.605318
-1.64681 0.605482
-1.64641 0.605647
-1.64601 0.605812
-1.64561 0.605976
-1.5676 0.637916
-1.56719 0.638079
-1.56679 0.638242
-1.56639 0.638405
-1.56599 0.638568
-1.56558 0.638731
-1.4866 0.670292
-1.4862 0.670449
-1.48581 0.670606
-1.48541 0.670763
-1.48501 0.670919
-1.48461 0.671076
-1.4066 0.701371
-1.4062 0.701523
-1.40581 0.701675
-1.40541 0.701828
-1.40501 0.70198
-1.40461 0.702132
-1.3266 0.731444
-1.32619 0.731592
-1.32579 0.731741
-1.32539 0.73189
-1.32499 0.732038
-1.32458 0.732187
-1.2456 0.760747
-1.2452 0.760888
-1.24481 0.761029
-1.24441 0.76117
-1.24401 0.761311
-1.24361 0.761452
-1.1656 0.788458
-1.16519 0.788594
-1.16479 0.78873
-1.16439 0.788866
-1.16399 0.789002
-1.16358 0.789138
-1.0846 0.815154
-1.0842 0.815281
-1.08381 0.815409
-1.08341 0.815536
-1.08301 0.815664
-1.08261 0.815791
-1.0046 0.840083
-1.0042 0.840204
-1.0038 0.840325
-1.0034 0.840445
-1.003 0.840566
-1.0026 0.840687
-0.9242 0.8636
-0.9238 0.863713
-0.9234 0.863826
-0.923 0.863938
-0.9226 0.864051
-0.9222 0.864164
-0.8438 0.885487
-0.8434 0.885592
-0.843 0.885696
-0.8426 0.885801
-0.8422 0.885905
-0.8418 0.88601
-0.7634 0.905661
-0.763 0.905757
-0.7626 0.905853
-0.7622 0.905949
-0.7618 0.906045
-0.7614 0.90614
-0.683 0.924045
-0.6826 0.924132
-0.6822 0.924219
-0.6818 0.924305
-0.6814 0.924392
-0.681 0.924479
-0.6026 0.940568
-0.6022 0.940646
-0.6018 0.940723
-0.6014 0.9408
-0.601 0.940877
-0.6006 0.940955
-0.5222 0.955167
-0.5218 0.955234
-0.5214 0.955302
-0.521 0.95537
-0.5206 0.955437
-0.5202 0.955505
-0.4418 0.967785
-0.4414 0.967842
-0.441 0.9679
-0.4406 0.967958
-0.4402 0.968015
-0.4398 0.968073
-0.3614 0.978373
-0.361 0.978421
-0.3606 0.978468
-0.3602 0.978516
-0.3598 0.978563
-0.3594 0.97861
-0.281 0.986892
-0.2806 0.986929
-0.2802 0.986966
-0.2798 0.987003
-0.2794 0.98704
-0.279 0.987077
-0.2006 0.993307
-0.2002 0.993333
-0.1998 0.99336
-0.1994 0.993386
-0.199 0.993413
-0.1986 0.993439
-0.1202 0.997594
-0.1198 0.99761
-0.1194 0.997626
-0.119 0.997641
-0.1186 0.997657
-0.1182 0.997673
-0.0398 0.999736
-0.0394 0.999741
-0.039 0.999747
-0.0386 0.999752
-0.0382 0.999757
-0.0378 0.999762
0.0406 0.999725
0.041 0.99972
0.0414 0.999714
0.0418 0.999709
0.0422 0.999703
0.0426 0.999698
0.121 0.997562
0.1214 0.997546
0.1218 0.997529
0.1222 0.997513
0.1226 0.997497
0.123 0.99748
0.2014 0.993253
0.2018 0.993227
0.2022 0.9932
0.2026 0.993173
0.203 0.993146
0.2034 0.993119
0.2818 0.986817
0.2822 0.98678
0.2826 0.986743
0.283 0.986705
0.2834 0.986668
0.2838 0.98663
0.3622 0.978278
0.3626 0.978231
0.363 0.978183
0.3634 0.978135
0.3638 0.978087
0.3642 0.978039
0.4426 0.967669
0.443 0.967611
0.4434 0.967553
0.4438 0.967496
0.4442 0.967437
0.4446 0.967379
0.523 0.955031
0.5234 0.954963
0.5238 0.954896
0.5242 0.954828
0.5246 0.95476
0.525 0.954692
0.6034 0.940413
0.6038 0.940336
0.6042 0.940258
0.6046 0.940181
0.605 0.940103
0.6054 0.940025
0.6838 0.923871
0.6842 0.923784
0.6846 0.923697
0.685 0.92361
0.6854 0.923523
0.6858 0.923436
0.7642 0.905469
0.7646 0.905373
0.765 0.905277
0.7654 0.905181
0.7658 0.905085
0.7662 0.904989
0.8446 0.885278
0.845 0.885173
0.8454 0.885068
0.8458 0.884963
0.8462 0.884859
0.8466 0.884754
0.925 0.863374
0.9254 0.863261
0.9258 0.863148
0.9262 0.863035
0.9266 0.862921
0.927 0.862808
1.0054 0.839842
1.0058 0.839722
1.00619 0.839601
1.00659 0.839481
1.00699 0.83936
1.00739 0.83924
1.0854 0.814897
1.08581 0.814768
1.08621 0.814638
1.08661 0.814509
1.08701 0.81438
1.08742 0.81425
1.1664 0.788187
1.1668 0.788052
1.16719 0.787917
1.16759 0.787783
1.16799 0.787648
1.16839 0.787513
1.2464 0.760464
1.24681 0.760321
1.24721 0.760178
1.24761 0.760035
1.24801 0.759893
1.24842 0.75975
1.3274 0.731148
1.3278 0.731001
1.32819 0.730854
1.32859 0.730707
1.32899 0.730561
1.32939 0.730414
1.4074 0.701067
1.4078 0.700915
1.40819 0.700763
1.40859 0.70061
1.40899 0.700458
1.40939 0.700306
1.4874 0.669976
1.48781 0.669818
1.48821 0.669659
1.48861 0.6695
1.48901 0.669341
1.48942 0.669182
1.5684 0.637592
1.5688 0.63743
1.56919 0.637269
1.56959 0.637108
1.56999 0.636947
1.57039 0.636786
1.6484 0.604822
1.64881 0.604655
1.64921 0.604488
1.64961 0.604322
1.65001 0.604155
1.65042 0.603988
1.7294 0.570979
1.7298 0.570811
1.73019 0.570643
1.73059 0.570476
1.73099 0.570308
1.73139 0.57014
1.8094 0.537013
1.8098 0.536843
1.81019 0.536673
1.81059 0.536503
1.81099 0.536333
1.81139 0.536162
1.8894 0.502631
1.88981 0.502457
1.89021 0.502283
1.89061 0.502109
1.89101 0.501936
1.89142 0.501762
1.9704 0.467528
1.9708 0.467355
1.97119 0.467182
1.97159 0.467009
1.97199 0.466836
1.97239 0.466663
2.0504 0.432684
2.05081 0.432508
2.05121 0.432333
2.05161 0.432157
2.05201 0.431982
2.05242 0.431806
2.1314 0.397362
2.1318 0.397188
2.13219 0.397015
2.13259 0.396841
2.13299 0.396668
2.13339 0.396495
2.2114 0.362547
2.2118 0.362375
2.21219 0.362202
2.21259 0.362029
2.21299 0.361856
2.21339 0.361684
2.2914 0.327924
2.29181 0.32775
2.29221 0.327577
2.29261 0.327403
2.29301 0.327229
2.29342 0.327056
2.3724 0.293187
2.3728 0.293018
2.37319 0.292848
2.37359 0.292679
2.37399 0.292509
2.37439 0.292339
2.4524 0.259302
2.45281 0.259132
2.45321 0.258963
2.45361 0.258794
2.45401 0.258624
2.45442 0.258455
2.5334 0.225542
2.5338 0.225377
2.53419 0.225213
2.53459 0.225049
2.53499 0.224885
2.53539 0.224721
2.6134 0.192843
2.6138 0.192682
2.61419 0.192521
2.61459 0.19236
2.61499 0.1922
2.61539 0.192039
2.6934 0.160888
2.69381 0.160729
2.69421 0.16057
2.69461 0.160411
2.69501 0.160252
2.69542 0.160094
2.7744 0.129397
2.7748 0.129245
2.77519 0.129092
2.77559 0.12894
2.77599 0.128788
2.77639 0.128635
2.8544 0.0992356
2.85481 0.0990863
2.85521 0.098937
2.85561 0.0987877
2.85601 0.0986384
2.85642 0.0984892
2.9354 0.0697476
2.9358 0.0696055
2.93619 0.0694634
2.93659 0.0693214
2.93699 0.0691793
2.93739 0.0690374
3.0154 0.0417392
3.0158 0.0416028
3.01619 0.0414664
3.01659 0.0413301
3.01699 0.0411938
3.01739 0.0410576
3.0954 0.0149168
3.09581 0.0147849
3.09621 0.014653
3.09661 0.0145211
3.09701 0.0143893
3.09742 0.0142575
3.1764 -0.0109552
3.1768 -0.011079
3.17719 -0.0112028
3.17759 -0.0113265
3.17799 -0.0114502
3.17839 -0.0115738
3.2564 -0.0351793
3.25681 -0.0352979
3.25721 -0.0354163
3.25761 -0.0355348
3.25801 -0.0356532
3.25842 -0.0357716
3.3374 -0.0582958
3.3378 -0.0584058
3.33819 -0.0585157
3.33859 -0.0586256
3.33899 -0.0587355
3.33939 -0.0588453
3.4174 -0.0796869
3.4178 -0.0797896
3.41819 -0.0798923
3.41859 -0.079995
3.41899 -0.0800976
3.41939 -0.0802002
3.4974 -0.0996025
3.49781 -0.0996989
3.49821 -0.0997954
3.49861 -0.0998918
3.49901 -0.0999882
3.49942 -0.100084
3.5784 -0.118222
3.5788 -0.11831
3.57919 -0.118398
3.57959 -0.118485
3.57999 -0.118573
3.58039 -0.11866
3.6584 -0.135062
3.65881 -0.135142
3.65921 -0.135223
3.65961 -0.135304
3.66001 -0.135385
3.66042 -0.135465
3.7394 -0.150513
3.7398 -0.150585
3.74019 -0.150657
3.74059 -0.150729
3.74099 -0.150801
3.74139 -0.150873
3.8194 -0.164184
3.8198 -0.164248
3.82019 -0.164312
3.82059 -0.164376
3.82099 -0.16444
3.82139 -0.164504
3.8994 -0.176266
3.89981 -0.176323
3.90021 -0.17638
3.90061 -0.176436
3.90101 -0.176493
3.90142 -0.17655
3.9804 -0.186877
3.9808 -0.186925
3.98119 -0.186973
3.98159 -0.187021
3.98199 -0.187069
3.98239 -0.187117
4.0604 -0.195764
4.06081 -0.195805
4.06121 -0.195845
4.06161 -0.195886
4.06201 -0.195927
4.06242 -0.195967
4.1414 -0.20316
4.1418 -0.203192
4.14219 -0.203225
4.14259 -0.203257
4.14299 -0.203289
4.14339 -0.203322
4.2214 -0.208904
4.22181 -0.208929
4.22221 -0.208954
4.22261 -0.208979
4.22301 -0.209004
4.22342 -0.209029
4.3024 -0.213166
4.3028 -0.213183
4.30319 -0.2132
4.30359 -0.213217
4.30399 -0.213234
4.30439 -0.213251
4.3824 -0.215874
4.3828 -0.215884
4.38319 -0.215894
4.38359 -0.215903
4.38399 -0.215913
4.38439 -0.215923
4.4624 -0.217129
4.46281 -0.217132
4.46321 -0.217134
4.46361 -0.217137
4.46401 -0.21714
4.46442 -0.217142
4.5434 -0.216964
4.5438 -0.21696
4.54419 -0.216956
4.54459 -0.216951
4.54499 -0.216947
4.54539 -0.216943
4.6234 -0.215435
4.62381 -0.215424
4.62421 -0.215413
4.62461 -0.215402
4.62501 -0.215391
4.62542 -0.21538
4.7044 -0.21256
4.7048 -0.212543
4.70519 -0.212526
4.70559 -0.212508
4.70599 -0.212491
4.70639 -0.212474
4.7844 -0.208471
4.7848 -0.208448
4.78519 -0.208425
4.78559 -0.208401
4.78599 -0.208378
4.78639 -0.208354
4.8644 -0.203204
4.86481 -0.203175
4.86521 -0.203146
4.86561 -0.203116
4.86601 -0.203087
4.86642 -0.203058
4.9454 -0.196744
4.9458 -0.196709
4.94619 -0.196675
4.94659 -0.196641
4.94699 -0.196606
4.94739 -0.196572
5.0254 -0.18932
5.02581 -0.18928
5.02621 -0.189241
5.02661 -0.189201
5.02701 -0.189161
5.02742 -0.189121
5.1064 -0.180828
5.1068 -0.180784
5.10719 -0.18074
5.10759 -0.180696
5.10799 -0.180652
5.10839 -0.180608
5.1864 -0.171554
5.1868 -0.171506
5.18719 -0.171457
5.18759 -0.171409
5.18799 -0.171361
5.18839 -0.171313
5.2664 -0.16148
5.26681 -0.161428
5.26721 -0.161375
5.26761 -0.161323
5.26801 -0.16127
5.26842 -0.161217
5.3474 -0.150553
5.3478 -0.150498
5.34819 -0.150442
5.34859 -0.150387
5.34899 -0.150332
5.34939 -0.150276
5.4274 -0.139124
5.42781 -0.139066
5.42821 -0.139007
5.42861 -0.138948
5.42901 -0.138889
5.42942 -0.13883
5.5084 -0.127
5.5088 -0.126939
5.50919 -0.126878
5.50959 -0.126817
5.50999 -0.126757
5.51039 -0.126696
5.5884 -0.114563
5.5888 -0.1145
5.58919 -0.114437
5.58959 -0.114374
5.58999 -0.114312
5.59039 -0.114249
5.6684 -0.101754
5.66881 -0.101688
5.66921 -0.101623
5.66961 -0.101558
5.67001 -0.101493
5.67042 -0.101427
5.7494 -0.0884958
5.7498 -0.0884302
5.75019 -0.0883645
5.75059 -0.0882989
5.75099 -0.0882332
5.75139 -0.0881675
5.8294 -0.0751996
5.82981 -0.0751323
5.83021 -0.075065
5.83061 -0.0749978
5.83101 -0.0749305
5.83142 -0.0748632
5.9104 -0.0616224
5.9108 -0.0615556
5.91119 -0.0614888
5.91159 -0.061422
5.91199 -0.0613552
5.91239 -0.0612884
5.9904 -0.0481808
5.9908 -0.0481141
5.99119 -0.0480473
5.99159 -0.0479806
5.99199 -0.0479139
5.99239 -0.0478471
6.0704 -0.0347886
6.07081 -0.0347214
6.07121 -0.0346543
6.07161 -0.0345872
6.07201 -0.0345201
6.07242 -0.034453
6.1514 -0.0213621
6.1518 -0.0212966
6.15219 -0.0212311
6.15259 -0.0211657
6.15299 -0.0211003
6.15339 -0.0210348
6.2314 -0.00830625
6.23181 -0.00824119
6.23221 -0.00817614
6.23261 -0.0081111
6.23301 -0.00804606
6.23342 -0.00798103
6.3124 0.00462711
6.3128 0.00468979
6.31319 0.00475245
6.31359 0.00481511
6.31399 0.00487775
6.31439 0.00494039
6.3924 0.0170508
6.3928 0.0171116
6.39319 0.0171723
6.39359 0.0172331
6.39399 0.0172938
6.39439 0.0173545
6.4724 0.0290603
6.47281 0.0291196
6.47321 0.0291789
6.47361 0.0292382
6.47401 0.0292974
6.47442 0.0293566
6.5534 0.0407325
6.5538 0.0407885
6.55419 0.0408445
6.55459 0.0409004
6.55499 0.0409564
6.55539 0.0410124
6.6334 0.0517234
6.63381 0.0517772
6.63421 0.0518311
6.63461 0.0518849
6.63501 0.0519388
6.63542 0.0519926
6.7144 0.0622502
6.7148 0.0623003
6.71519 0.0623504
6.71559 0.0624005
6.71599 0.0624505
6.71639 0.0625006
6.7944 0.0720056
6.7948 0.0720525
6.79519 0.0720993
6.79559 0.0721461
6.79599 0.0721929
6.79639 0.0722396
6.8744 0.0810794
6.87481 0.0811232
6.87521 0.0811671
6.87561 0.0812109
6.87601 0.0812548
6.87642 0.0812986
6.9554 0.0895303
6.9558 0.0895699
6.95619 0.0896095
6.95659 0.0896491
6.95699 0.0896886
6.95739 0.0897282
7.0354 0.0971173
7.03581 0.0971536
7.03621 0.0971898
7.03661 0.097226
7.03701 0.0972621
7.03742 0.0972983
7.1164 0.103999
7.1168 0.10403
7.11719 0.104062
7.11759 0.104094
7.11799 0.104126
7.11839 0.104157
7.1964 0.109982
7.1968 0.110009
7.19719 0.110037
7.19759 0.110065
7.19799 0.110092
7.19839 0.11012
7.2764 0.115138
7.27681 0.115161
7.27721 0.115185
7.27761 0.115209
7.27801 0.115233
7.27842 0.115257
7.3574 0.119501
7.3578 0.11952
7.35819 0.119539
7.35859 0.119559
7.35899 0.119578
7.35939 0.119597
7.4374 0.122957
7.43781 0.122972
7.43821 0.122987
7.43861 0.123002
7.43901 0.123018
7.43942 0.123033
7.5184 0.125588
7.5188 0.125598
7.51919 0.125609
7.51959 0.12562
7.51999 0.125631
7.52039 0.125641
7.5984 0.127332
7.5988 0.127338
7.59919 0.127345
7.59959 0.127351
7.59999 0.127358
7.60039 0.127364
7.6784 0.128233
7.67881 0.128236
7.67921 0.128238
7.67961 0.12824
7.68001 0.128243
7.68042 0.128245
7.7594 0.1283
7.7598 0.128298
7.76019 0.128296
7.76059 0.128295
7.76099 0.128293
7.76139 0.128291
7.8394 0.127547
7.83981 0.127541
7.84021 0.127536
7.84061 0.12753
7.84101 0.127524
7.84142 0.127518
7.9204 0.125978
7.9208 0.125968
7.92119 0.125959
7.92159 0.125949
7.92199 0.125939
7.92239 0.125929
