-12.5664 -1.02849e-15
-12.4712 -0.00963065
-12.376 -0.0187021
-12.2808 -0.0272144
-12.1856 -0.0351674
-12.0904 -0.0425613
-11.9952 -0.0493959
-11.9 -0.0556714
-11.8048 -0.0613876
-11.7096 -0.0665447
-11.6144 -0.0711426
-11.5192 -0.0751812
-11.424 -0.0786607
-11.3288 -0.0815809
-11.2336 -0.083942
-11.1384 -0.0857439
-11.0432 -0.0869865
-10.948 -0.08767
-10.8528 -0.0877943
-10.7576 -0.0873593
-10.6624 -0.0863652
-10.5672 -0.0848119
-10.472 -0.0826993
-10.3768 -0.0789092
-10.2816 -0.0743735
-10.1864 -0.0690922
-10.0912 -0.0630652
-9.99598 -0.0562927
-9.90078 -0.0487746
-9.80558 -0.0405109
-9.71038 -0.0315015
-9.61518 -0.0217466
-9.51998 -0.0112461
-9.42478 4.44089e-16
-9.32958 0.00854332
-9.23438 0.0172575
-9.13918 0.0261426
-9.04398 0.0351985
-8.94878 0.0444253
-8.85358 0.0538229
-8.75838 0.0633914
-8.66318 0.0731308
-8.56798 0.0830411
-8.47278 0.0931222
-8.37758 0.103374
-8.28238 0.108378
-8.18718 0.11265
-8.09198 0.116189
-7.99678 0.118996
-7.90158 0.121071
-7.80638 0.122414
-7.71118 0.123024
-7.61598 0.122902
-7.52078 0.122047
-7.42558 0.120461
-7.33038 0.118142
-7.23518 0.112894
-7.13998 0.106547
-7.04478 0.0991025
-6.94958 0.0905592
-6.85438 0.0809174
-6.75918 0.0701773
-6.66398 0.0583387
-6.56878 0.0454016
-6.47358 0.0313662
-6.37839 0.0162323
-6.28319 -1.77636e-15
-6.18799 -0.0130835
-6.09279 -0.0265575
-5.99759 -0.0404221
-5.90239 -0.0546772
-5.80719 -0.0693229
-5.71199 -0.0843592
-5.61679 -0.099786
-5.52159 -0.115603
-5.42639 -0.131811
-5.33119 -0.14841
-5.23599 -0.165399
-5.14079 -0.174284
-5.04559 -0.182144
-4.95039 -0.188978
-4.85519 -0.194788
-4.75999 -0.199572
-4.66479 -0.203331
-4.56959 -0.206065
-4.47439 -0.207774
-4.37919 -0.208457
-4.28399 -0.208115
-4.18879 -0.206748
-4.09359 -0.198205
-3.99839 -0.187611
-3.90319 -0.174967
-3.80799 -0.160273
-3.71279 -0.143528
-3.61759 -0.124732
-3.52239 -0.103887
-3.42719 -0.0809907
-3.33199 -0.0560442
-3.23679 -0.0290473
-3.14159 1.11022e-15
