      -8 9.877e-006
   -7.92 1.901e-005
  -7.839 2.032e-005
  -7.759 1.237e-005
  -7.678 2.569e-006
  -7.598 6.079e-007
  -7.518 9.248e-006
  -7.437 2.12e-005
  -7.357 2.55e-005
  -7.276 1.787e-005
  -7.196 5.306e-006
  -7.116 7.353e-008
  -7.035 8.212e-006
  -6.955 2.325e-005
  -6.874 3.161e-005
  -6.794 2.521e-005
  -6.714 9.739e-006
  -6.633 1.278e-007
  -6.553 6.756e-006
  -6.472 2.505e-005
  -6.392 3.879e-005
  -6.312 3.496e-005
  -6.231 1.664e-005
  -6.151 1.286e-006
   -6.07 4.92e-006
   -5.99 2.643e-005
   -5.91 4.723e-005
  -5.829 4.794e-005
  -5.749 2.716e-005
  -5.668 4.392e-006
  -5.588 2.858e-006
  -5.508 2.717e-005
  -5.427 5.716e-005
  -5.347 6.534e-005
  -5.266 4.31e-005
  -5.186 1.087e-005
  -5.106 9.412e-007
  -5.025 2.699e-005
  -4.945 6.886e-005
  -4.864 8.896e-005
  -4.784 6.735e-005
  -4.704 2.319e-005
  -4.623 1.174e-010
  -4.543 2.554e-005
  -4.462 8.277e-005
  -4.382 0.0001217
  -4.302 0.0001048
  -4.221 4.585e-005
  -4.141 1.842e-006
   -4.06 2.238e-005
   -3.98 9.946e-005
  -3.899 0.0001683
  -3.819 0.0001644
  -3.739 8.748e-005
  -3.658 1.049e-005
  -3.578 1.705e-005
  -3.497 0.0001198
  -3.417 0.0002376
  -3.337 0.0002631
  -3.256 0.000166
  -3.176 3.537e-005
  -3.095 9.486e-006
  -3.015 0.0001449
  -2.935 0.0003463
  -2.854 0.0004367
  -2.774 0.0003218
  -2.693 0.0001005
  -2.613 1.568e-006
  -2.533 0.0001767
  -2.452 0.0005312
  -2.372 0.0007706
  -2.291 0.0006591
  -2.211 0.0002751
  -2.131 4.278e-006
   -2.05 0.0002172
   -1.97 0.0008839
  -1.889 0.001503
  -1.809 0.001498
  -1.729 0.0007992
  -1.648 7.544e-005
  -1.568 0.0002666
  -1.487 0.001688
  -1.407 0.003488
  -1.327 0.00413
  -1.246 0.002795
  -1.166 0.000597
  -1.085 0.0003012
  -1.005 0.004186
 -0.9246 0.01136
 -0.8442 0.01702
 -0.7638 0.01546
 -0.6834 0.006268
  -0.603 8.388e-005
 -0.5226 0.01918
 -0.4422    0.09
 -0.3618  0.2295
 -0.2814  0.4316
  -0.201  0.6617
 -0.1206  0.8648
 -0.0402  0.9842
  0.0402  0.9842
  0.1206  0.8648
   0.201  0.6617
  0.2814  0.4316
  0.3618  0.2295
  0.4422    0.09
  0.5226 0.01918
   0.603 8.388e-005
  0.6834 0.006268
  0.7638 0.01546
  0.8442 0.01702
  0.9246 0.01136
   1.005 0.004186
   1.085 0.0003012
   1.166 0.000597
   1.246 0.002795
   1.327 0.00413
   1.407 0.003488
   1.487 0.001688
   1.568 0.0002666
   1.648 7.544e-005
   1.729 0.0007992
   1.809 0.001498
   1.889 0.001503
    1.97 0.0008839
    2.05 0.0002172
   2.131 4.278e-006
   2.211 0.0002751
   2.291 0.0006591
   2.372 0.0007706
   2.452 0.0005312
   2.533 0.0001767
   2.613 1.568e-006
   2.693 0.0001005
   2.774 0.0003218
   2.854 0.0004367
   2.935 0.0003463
   3.015 0.0001449
   3.095 9.486e-006
   3.176 3.537e-005
   3.256 0.000166
   3.337 0.0002631
   3.417 0.0002376
   3.497 0.0001198
   3.578 1.705e-005
   3.658 1.049e-005
   3.739 8.748e-005
   3.819 0.0001644
   3.899 0.0001683
    3.98 9.946e-005
    4.06 2.238e-005
   4.141 1.842e-006
   4.221 4.585e-005
   4.302 0.0001048
   4.382 0.0001217
   4.462 8.277e-005
   4.543 2.554e-005
   4.623 1.174e-010
   4.704 2.319e-005
   4.784 6.735e-005
   4.864 8.896e-005
   4.945 6.886e-005
   5.025 2.699e-005
   5.106 9.412e-007
   5.186 1.087e-005
   5.266 4.31e-005
   5.347 6.534e-005
   5.427 5.716e-005
   5.508 2.717e-005
   5.588 2.858e-006
   5.668 4.392e-006
   5.749 2.716e-005
   5.829 4.794e-005
    5.91 4.723e-005
    5.99 2.643e-005
    6.07 4.92e-006
   6.151 1.286e-006
   6.231 1.664e-005
   6.312 3.496e-005
   6.392 3.879e-005
   6.472 2.505e-005
   6.553 6.756e-006
   6.633 1.278e-007
   6.714 9.739e-006
   6.794 2.521e-005
   6.874 3.161e-005
   6.955 2.325e-005
   7.035 8.212e-006
   7.116 7.353e-008
   7.196 5.306e-006
   7.276 1.787e-005
   7.357 2.55e-005
   7.437 2.12e-005
   7.518 9.248e-006
   7.598 6.079e-007
   7.678 2.569e-006
   7.759 1.237e-005
   7.839 2.032e-005
    7.92 1.901e-005
       8 9.877e-006